5.6.2017

1. Zadatak

- 97 ulaznih datoteka 
- Linija: 4 726 567 
- Velicina izlazne datoteke 406.376 KB 

2. Zadatak

1. Most unpopular girl name is: Anaissa
2. Most popular male names are: 
James 4938965
John 4829733
Robert 4710600
Michael 4295779
William 3829026
David 3554102
Richard 2529952
Joseph 2479602
Charles 2244617
Thomas 2216356

3.

Most childrens born in 1946 are from NY.

4. Female born childrens through years
1910 352089
1911 372371
1912 504283
1913 566950
1914 696886
1915 908543
1916 965971
1917 1000429
1918 1073241
1919 1047125
1920 1111874
1921 1145019
1922 1114028
1923 1119997
1924 1161238
1925 1130217
1926 1099788
1927 1106858
1928 1069872
1929 1035735
1930 1044440
1931 986844
1932 987891
1933 931551
1934 966643
1935 971717
1936 963165
1937 985346
1938 1023657
1939 1017138
1940 1062825
1941 1125424
1942 1262701
1943 1305423
1944 1239319
1945 1219589
1946 1475510
1947 1669192
1948 1596392
1949 1608637
1950 1610127
1951 1694666
1952 1745640
1953 1769233
1954 1827890
1955 1839033
1956 1888744
1957 1924204
1958 1889908
1959 1899916
1960 1894794
1961 1887645
1962 1835888
1963 1794939
1964 1760119
1965 1635216
1966 1561276
1967 1517486
1968 1501476
1969 1540546
1970 1591419
1971 1502628
1972 1362036
1973 1296444
1974 1299746
1975 1284988
1976 1288847
1977 1347825
1978 1344396
1979 1409915
1980 1461972
1981 1469706
1982 1494101
1983 1475425
1984 1487244
1985 1517484
1986 1509113
1987 1525768
1988 1558020
1989 1613574
1990 1657185
1991 1629792
1992 1596003
1993 1558806
1994 1534448
1995 1506897
1996 1497012
1997 1478655
1998 1496360
1999 1497106
2000 1527133
2001 1506192
2002 1498084
2003 1520794
2004 1523496
2005 1528165
2006 1564886
2007 1576648
2008 1544411
2009 1493172
2010 1439346
2011 1422539
2012 1422020
2013 1419351
2014 1446259

5. Female name Mary through years:

1910,6.4892683384030745
1911,6.549919300912261
1912,6.405728529417014
1913,6.4628274098244995
1914,6.506659625821152
1915,6.404429949930823
1916,6.360128823743155
1917,6.425243570508251
1918,6.2772480738249845
1919,6.287692491345351
1920,6.383457118342546
1921,6.461464831587947
1922,6.478382949082069
1923,6.395909989044614
1924,6.331776948394731
1925,6.2466765231809465
1926,6.166915805591623
1927,6.381306364502041
1928,6.249906530874721
1929,6.131684262866466
1930,6.140515491555283
1931,6.109678936083109
1932,6.0604864301830865
1933,5.957054417847225
1934,5.888213125217893
1935,5.6669791719193965
1936,5.644204264066905
1937,5.646747436940933
1938,5.491194804509714
1939,5.397497684679955
1940,5.287323877402207
1941,5.156367733405365
1942,5.008153157398308
1943,5.068931679616492
1944,5.040106703762308
1945,4.860981855362749
1946,4.572181821878537
1947,4.294532923713989
1948,4.296876957539251
1949,4.156438027970263
1950,4.065517813191134
1951,3.8762210370657106
1952,3.762574184826196
1953,3.6364345453651388
1954,3.7201910399422284
1955,3.4344136293367225
1956,3.269421372086424
1957,3.175131119153687
1958,2.9551703045862547
1959,2.867126757182949
1960,2.716865263453441
1961,2.525209983868789
1962,2.369262177213425
1963,2.314730472734728
1964,2.328592555389721
1965,2.0957475954247022
1966,1.8500252357686917
1967,1.6681537753890314
1968,1.4467097709187493
1969,1.288569117702425
1970,1.2065332888447353
1971,1.1112530845957882
1972,1.01039913776141
1973,0.9503688551144516
1974,0.9040227859904935
1975,0.8532375399614626
1976,0.8011812108031442
1977,0.7909780572403687
1978,0.7473244490462632
1979,0.7485557639999575
1980,0.784761951665285
1981,0.7509665198345792
1982,0.7261891933677844
1983,0.67051866411373
1984,0.6245108401849326
1985,0.6088367323807038
1986,0.5634435592298257
1987,0.5502147115419906
1988,0.5460777140216428
1989,0.5355812624645662
1990,0.5228142904986468
1991,0.5372464707152815
1992,0.5295729393992368
1993,0.5200133948676102
1994,0.5045462602838284
1995,0.4932652994862953
1996,0.4637237376854695
1997,0.4478394216365548
1998,0.429642599374482
1999,0.42475282311339346
2000,0.40481084489694086
2001,0.38003123107810954
2002,0.3635977688834538
2003,0.32897289179205075
2004,0.31506482458765894
2005,0.2906099799432653
2006,0.26027455035063257
2007,0.2324551834017485
2008,0.22565236844337422
2009,0.21082634820368987
2010,0.19835397465237684
2011,0.18846583468010367
2012,0.17953333989676656
2013,0.18452095359076084
2014,0.18032731343417743


6.
Sum of born children of all times is: 298883326
7. Distinct names sum is: 30274


Zadatak 3.
-Koliko često (u sekundama) nastaje novi direktorij na disku?
 Svakih 10 sekundi
- Koliko često (u sekundama) se pokreće izračun?
 Svakih 10 sekundi
- Može li vrijednost parametra solarPanelCurrent neke stanice biti manja u nekom direktoriju nego u
njegovom neposrednom prethodniku. Zašto?

Moze. To se moze dogoditi u situaciji ako je maksimalna vrijednost upravo izasla iz prozora. (rolling max)

- Kako se kreću vrijednosti parametra solarPanelCurrent neke postaje u prva 3 direktorija koji su nastali?
Zašto?
Vrijednosti iz prva 3 direktorija koja su nastala
(100,98.126)
(100,98.126)
(100,98.126)
...
(100,99.713)

Prvih par vrijednosti je isto jer je prozor veci od slide durationa. 
